	    37          96         -59          88         -25	-45.29
           0     151.351    -51.3514     199.405    -63.0811	-13.11
           0           0     23.1607     145.847     24.9932 	81.61
           0           0           0    -130.522    -4.55359	165.919
           0           0           0           0    -41.1802	49
 
           1     2.59459    -1.59459     2.37838   -0.675676       1.09978
           0           1   -0.339286      1.3175   -0.416786       0.100463
           0           0           1     6.29719     1.07912       3.52369
           0           0           0           1   0.0348875       1.09625
           0           0           0           0           1       1.32432
	
	     1     2.59459    -1.59459     2.37838   -0.675676       1.32432
           0           1   -0.339286      1.3175   -0.416786       1.09625
           0           0           1     6.29719     1.07912       3.52369
           0           0           0           1   0.0348875       0.100463
           0           0           0           0           1       1.09978

 	
