
	   -4	   14	    3	  -18	   11		-14
	  -19	  -11	    5	   16	  -18		10
	  -11	   -2	  -16	    7	  -10		17	
	   10	    0	    5	  -15	   -9		-15	
	    6	  -12	    3	    2	    4		-3

	
	   9	    7	  -17	  -16	  -11  	-6	  
	  -15	    0	   10	   17	  -18		-8	  	
	    9	    7	  -17	  -16	  -11		12	
	    8	   19	   18	    5	  -16   	11	 
	   13	   -8	   17	   13	   17		-18

 	
	   0	    6	   19	   19	    9		-3		
	  -20	    0	   -5	   13	   10  	-14	  
	   17	    1	    0	  -16	   18 	12	 
	  -11	    8	    9	    0	   -7 	-17	   
	    4	  -13	   19	    7	    0 	9